2025-12-23 19:37:48
Current mode: s. Current pop_size: 100. World size: 1
[15348.0, 4245.0, 2805.0, 2611.0, 2611.0]
[123.0, 44.0, 27.0, 24.0, 24.0]
[94, 251, 335, 354, 356, 82, 456, 299, 92, 165, 316, 168, 208, 79, 186, 23, 462, 491, 297, 305, 286, 290, 120, 388, 79, 70, 293, 302, 474, 434, 25, 114, 162, 396, 402, 441, 434, 514, 298, 111, 165, 264, 398, 44, 131, 311, 357, 112, 511, 251, 70]
[0.2748541831970215, 5.480691909790039, 10.737787008285522, 15.986627101898193, 21.146955966949463]
[2611.0, 24.0, 21.146955966949463]
2025-12-23 19:38:39
Current mode: s. Current pop_size: 100. World size: 1
[22625.0, 4219.0, 3807.0, 3807.0, 3168.0]
[126.0, 41.0, 34.0, 34.0, 33.0]
[335, 186, 92, 168, 23, 199, 82, 162, 136, 510, 112, 65, 341, 10, 70, 112, 298, 281, 25, 114, 433, 258, 265, 178, 323, 476, 286, 141, 246, 309, 185, 270, 263, 273, 398, 228, 336, 356, 164, 196, 130, 63, 83, 120, 388, 30, 268, 496, 251, 79, 456]
[0.2690107822418213, 6.406579971313477, 12.134203910827637, 17.704110860824585, 22.994157791137695]
[3168.0, 33.0, 22.994157791137695]
2025-12-23 21:19:53
Current mode: mnm. Current pop_size: 100. World size: 1
[54904.0, 34516.0]
[152.0, 86.0]
[299, 322, 212, 232, 462, 79, 491, 70, 198, 194, 353, 191, 363, 105, 473, 299, 162, 70, 240, 511, 204, 352, 466, 25, 261, 388, 74, 178, 320, 293, 284, 462, 216, 335, 136, 164, 377, 298, 28, 271, 134, 109, 418, 295, 435, 356, 92, 32, 185, 232, 251]
[49.26551008224487, 474.9162940979004]
[34516.0, 86.0, 474.9162940979004]
2025-12-24 09:22:33
Current mode: mnm. Current pop_size: 100. World size: 1
[51892.0, 51170.0]
[149.0, 83.0]
[356, 212, 357, 273, 472, 106, 82, 286, 398, 147, 442, 320, 335, 372, 314, 91, 41, 143, 230, 198, 133, 55, 410, 252, 264, 237, 96, 163, 25, 433, 284, 371, 232, 229, 460, 106, 481, 409, 284, 92, 388, 120, 462, 148, 112, 495, 100, 507, 501, 491, 114]
[5.958232164382935, 9.935356140136719]
[51170.0, 83.0, 9.935356140136719]
2025-12-24 09:23:20
Current mode: mnm. Current pop_size: 100. World size: 1
[72350.0, 57821.0, 54122.0, 36554.0, 68039.0]
[109.0, 51.0, 44.0, 32.0, 31.0]
[239, 162, 46, 356, 268, 70, 317, 149, 332, 192, 136, 356, 295, 161, 468, 162, 106, 264, 212, 97, 492, 438, 280, 155, 185, 120, 92, 427, 257, 366, 4, 44, 131, 388, 34, 23, 398, 306, 372, 468, 61, 232, 442, 381, 354, 251, 501, 148, 264, 459, 82]
[0.9037618637084961, 6.82140588760376, 13.33448600769043, 19.932482957839966, 28.181087970733643]
[36554.0, 32.0, 28.181087970733643]
2025-12-24 09:27:13
Current mode: s. Current pop_size: 100. World size: 1
[13216.0, 5904.0, 4191.0, 4192.0, 3845.0]
[138.0, 50.0, 42.0, 40.0, 36.0]
[388, 381, 187, 162, 455, 496, 433, 414, 320, 354, 282, 10, 25, 203, 284, 92, 434, 66, 251, 456, 255, 120, 79, 114, 6, 264, 132, 11, 501, 126, 82, 163, 315, 168, 60, 335, 79, 401, 32, 268, 150, 30, 332, 200, 372, 163, 112, 65, 241, 455, 185]
[0.2606961727142334, 5.497101068496704, 10.713382244110107, 15.949047088623047, 21.112176179885864]
[3845.0, 36.0, 21.112176179885864]
2025-12-24 09:27:54
Current mode: s. Current pop_size: 100. World size: 1
[21343.0, 4439.0, 3850.0, 3653.0, 3112.0]
[121.0, 44.0, 41.0, 35.0, 30.0]
[204, 508, 168, 216, 504, 232, 485, 203, 264, 474, 25, 185, 356, 150, 515, 106, 23, 257, 434, 251, 6, 273, 309, 70, 162, 256, 388, 415, 44, 34, 414, 66, 10, 263, 388, 305, 398, 456, 186, 306, 110, 256, 485, 112, 92, 27, 281, 290, 371, 379, 79]
[0.24025702476501465, 5.550957202911377, 11.841525077819824, 17.734421014785767, 23.12824511528015]
[3112.0, 30.0, 23.12824511528015]
2025-12-24 09:30:10
Current mode: s. Current pop_size: 100. World size: 1
[13845.0, 5068.0, 4441.0, 3788.0, 3626.0]
[112.0, 45.0, 40.0, 39.0, 35.0]
[358, 281, 147, 268, 312, 70, 62, 186, 189, 199, 265, 264, 163, 504, 271, 433, 309, 305, 114, 271, 356, 309, 363, 456, 25, 335, 23, 433, 286, 309, 185, 354, 510, 256, 485, 433, 434, 251, 161, 66, 433, 34, 448, 299, 120, 402, 92, 112, 441, 162, 320]
[0.25791382789611816, 5.52381706237793, 10.980804920196533, 16.357890844345093, 21.613441944122314]
[3626.0, 35.0, 21.613441944122314]
